26
412.484 -33.0 -822.994
415.122 -33.0 -815.457
418.137 -33.0 -801.513 hi
425.297 -33.0 -793.976
432.081 -25.0 -786.062
438.463 -20.0 -773.662
445.616 -15.0 -762.365
454.274 -10.0 -754.087
465.998 -5.0 -751.39
473.913 -5.0 -760.435
476.174 0.0 -774.379
477.681 0.0 -786.062
485.595 0.0 -796.237
493.886 0.0 -795.106
495.017 0.0 -785.308
490.495 5.0 -773.248
490.118 5.0 -756.666
478.435 5.0 -743.476
462.607 10.0 -740.084
449.039 15.0 -743.476
434.719 20.0 -744.23
414.745 20.0 -742.345
392.887 25.0 -742.722
384.219 25.0 -740.084 1
375.174 25.0 -728.778
375.551 25.0 -717.849
